33
1353 1206
1 0 0 133 336
2 1127 266 119 378
3 0 455 140 161
4 595 140 119 49
5 133 0 119 175
6 987 259 140 406
7 595 0 497 140
8 0 336 196 119
9 252 0 294 119
10 0 777 119 161
11 1127 0 119 266
12 679 490 119 336
13 133 175 119 126
14 882 875 371 182
15 980 665 182 203
16 119 910 203 182
17 252 119 119 84
18 196 343 133 294
19 329 364 350 182
20 0 637 315 140
21 119 777 315 133
22 434 546 133 560
23 252 203 133 140
24 595 189 133 175
25 728 259 133 231
26 567 875 315 133
27 322 910 98 182
28 385 119 210 210
29 861 259 126 378
30 798 637 182 119
31 798 756 119 119
32 728 140 357 119
33 1162 644 84 119
